// Created by Crowbar 0.42.0.0
version 1
nodes
  0 "joint1" -1
end
skeleton
  time 0
    0 -0.021414 -0.322581 0.128217 1.570796 0.000000 0.000000
end
triangles
skin.bmp
  0 2.268586 -0.992581 0.568217 0.000000 0.000000 0.000000 0.093333 0.314286
  0 0.908586 0.717419 0.118217 -0.942248 0.334917 0.000000 0.306667 0.828571
  0 0.858586 -1.332581 0.118217 -0.985546 0.169408 0.000000 0.306667 0.171429
skin.bmp
  0 0.858586 -1.332581 0.118217 -0.985546 0.169408 0.000000 0.306667 0.171429
  0 0.908586 0.717419 0.118217 -0.942248 0.334917 0.000000 0.306667 0.828571
  0 2.268586 -0.992581 0.568217 0.000000 0.000000 0.000000 0.093333 0.314286
skin.bmp
  0 -2.331414 -0.672581 0.398217 0.000000 0.000000 0.000000 0.786667 0.314286
  0 -0.821414 -1.202581 0.098217 -0.942248 0.334917 0.000000 0.493333 0.142857
  0 -0.801414 0.707419 0.098217 0.000000 1.000000 0.000000 0.586667 0.800000
skin.bmp
  0 -0.801414 0.707419 0.098217 0.000000 1.000000 0.000000 0.586667 0.800000
  0 -0.821414 -1.202581 0.098217 -0.942248 0.334917 0.000000 0.493333 0.142857
  0 -2.331414 -0.672581 0.398217 0.000000 0.000000 0.000000 0.786667 0.314286
skin.bmp
  0 0.908586 0.717419 0.118217 -0.942248 0.334917 0.000000 0.306667 0.828571
  0 -0.821414 -1.202581 0.098217 -0.942248 0.334917 0.000000 0.493333 0.142857
  0 0.858586 -1.332581 0.118217 -0.985546 0.169408 0.000000 0.306667 0.171429
skin.bmp
  0 0.858586 -1.332581 0.118217 -0.985546 0.169408 0.000000 0.306667 0.171429
  0 -0.821414 -1.202581 0.098217 -0.942248 0.334917 0.000000 0.493333 0.142857
  0 0.908586 0.717419 0.118217 -0.942248 0.334917 0.000000 0.306667 0.828571
skin.bmp
  0 0.908586 0.717419 0.118217 -0.942248 0.334917 0.000000 0.306667 0.828571
  0 -0.801414 0.707419 0.098217 0.000000 1.000000 0.000000 0.586667 0.800000
  0 -0.821414 -1.202581 0.098217 -0.942248 0.334917 0.000000 0.493333 0.142857
skin.bmp
  0 -0.821414 -1.202581 0.098217 -0.942248 0.334917 0.000000 0.493333 0.142857
  0 -0.801414 0.707419 0.098217 0.000000 1.000000 0.000000 0.586667 0.800000
  0 0.908586 0.717419 0.118217 -0.942248 0.334917 0.000000 0.306667 0.828571
skin.bmp
  0 2.378586 0.227419 0.568217 0.000000 0.000000 0.000000 0.120000 0.714286
  0 2.268586 -0.992581 0.568217 0.000000 0.000000 0.000000 0.093333 0.314286
  0 2.738586 -0.362581 0.888217 0.000000 0.000000 0.000000 0.026667 0.485714
skin.bmp
  0 2.268586 -0.992581 0.568217 0.000000 0.000000 0.000000 0.093333 0.314286
  0 2.378586 0.227419 0.568217 0.000000 0.000000 0.000000 0.120000 0.714286
  0 2.738586 -0.362581 0.888217 0.000000 0.000000 0.000000 0.026667 0.485714
skin.bmp
  0 2.268586 -0.992581 0.568217 0.000000 0.000000 0.000000 0.093333 0.314286
  0 2.378586 0.227419 0.568217 0.000000 0.000000 0.000000 0.120000 0.714286
  0 0.908586 0.717419 0.118217 -0.942248 0.334917 0.000000 0.306667 0.828571
skin.bmp
  0 2.378586 0.227419 0.568217 0.000000 0.000000 0.000000 0.120000 0.714286
  0 2.268586 -0.992581 0.568217 0.000000 0.000000 0.000000 0.093333 0.314286
  0 0.908586 0.717419 0.118217 -0.942248 0.334917 0.000000 0.306667 0.828571
skin.bmp
  0 -2.331414 -0.672581 0.398217 0.000000 0.000000 0.000000 0.786667 0.314286
  0 -2.351414 0.317419 0.398217 0.000000 0.000000 0.000000 0.826667 0.600000
  0 -3.351414 -0.152581 0.888217 0.000000 0.000000 0.000000 0.986667 0.485714
skin.bmp
  0 -2.351414 0.317419 0.398217 0.000000 0.000000 0.000000 0.826667 0.600000
  0 -2.331414 -0.672581 0.398217 0.000000 0.000000 0.000000 0.786667 0.314286
  0 -3.351414 -0.152581 0.888217 0.000000 0.000000 0.000000 0.986667 0.485714
skin.bmp
  0 -2.351414 0.317419 0.398217 0.000000 0.000000 0.000000 0.826667 0.600000
  0 -2.331414 -0.672581 0.398217 0.000000 0.000000 0.000000 0.786667 0.314286
  0 -0.801414 0.707419 0.098217 0.000000 1.000000 0.000000 0.586667 0.800000
skin.bmp
  0 -2.331414 -0.672581 0.398217 0.000000 0.000000 0.000000 0.786667 0.314286
  0 -2.351414 0.317419 0.398217 0.000000 0.000000 0.000000 0.826667 0.600000
  0 -0.801414 0.707419 0.098217 0.000000 1.000000 0.000000 0.586667 0.800000
end
